Finished 979 games

System results:

Accuracy: 0.9910354101299865

PER (928)
	P:0.9558823529411765 (910/952)
	R:0.9806034482758621 (910/928)
	F1:0.9680851063829786
LOC (737)
	P:0.9583333333333334 (667/696)
	R:0.9050203527815468 (667/737)
	F1:0.9309141660851361
ORG (785)
	P:0.9501347708894878 (705/742)
	R:0.8980891719745223 (705/785)
	F1:0.9233791748526523
O (17629)
	P:0.9959296738085816 (17617/17689)
	R:0.9993193034205003 (17617/17629)
	F1:0.9976216093776545

Queries: 
Q/tok: 0.5404651626076996 (10852.0/20079)
PER (928)
	Q/tok: 2.632543103448276 (2443.0/928.0)
LOC (737)
	Q/tok: 2.959294436906377 (2181.0/737.0)
ORG (785)
	Q/tok: 2.886624203821656 (2266.0/785.0)
O (17629)
	Q/tok: 0.22474332066481367 (3962.0/17629.0)

Delays: 
ms/tok: 0.0 (0.0/20079)