Finished 657 games

Utility: 0.02 / query

System results:

Accuracy: 0.9835943879444733

PER (595)
	P:0.9337641357027464 (578/619)
	R:0.9714285714285714 (578/595)
	F1:0.9522240527182866
LOC (489)
	P:0.87890625 (450/512)
	R:0.9202453987730062 (450/489)
	F1:0.8991008991008991
ORG (502)
	P:0.8883610451306413 (374/421)
	R:0.7450199203187251 (374/502)
	F1:0.8104008667388949
O (11885)
	P:0.9940431244231899 (11848/11919)
	R:0.9968868321413547 (11848/11885)
	F1:0.9954629474037977

Queries: 
Q/tok: 0.3803726523643382 (5124.0/13471)
PER (595)
	Q/tok: 1.5949579831932774 (949.0/595.0)
LOC (489)
	Q/tok: 1.9100204498977504 (934.0/489.0)
ORG (502)
	Q/tok: 2.745019920318725 (1378.0/502.0)
O (11885)
	Q/tok: 0.1567522086663862 (1863.0/11885.0)

Delays: 
ms/tok: 64.19493727265979 (864770.0/13471)