Finished 657 games

Utility: 0.01 / query

System results:

Accuracy: 0.9833716873283349

PER (595)
	P:0.9338709677419355 (579/620)
	R:0.973109243697479 (579/595)
	F1:0.9530864197530864
LOC (489)
	P:0.873046875 (447/512)
	R:0.9141104294478528 (447/489)
	F1:0.8931068931068932
ORG (502)
	P:0.8782201405152225 (375/427)
	R:0.7470119521912351 (375/502)
	F1:0.8073196986006458
O (11885)
	P:0.9944593687038281 (11846/11912)
	R:0.9967185527976441 (11846/11885)
	F1:0.9955876791192166

AVG F1: 88.449

Queries: 
Q/tok: 0.448444807363967 (6041.0/13471)
PER (595)
	Q/tok: 1.9260504201680673 (1146.0/595.0)
LOC (489)
	Q/tok: 2.3087934560327197 (1129.0/489.0)
ORG (502)
	Q/tok: 3.00398406374502 (1508.0/502.0)
O (11885)
	Q/tok: 0.18998737904922172 (2258.0/11885.0)

Delays: 
ms/tok: 72.49721624229826 (976610.0/13471)