Finished 657 games

System results:

Accuracy: 0.9838170885606117

PER (595)
	P:0.9323671497584541 (579/621)
	R:0.973109243697479 (579/595)
	F1:0.9523026315789473
LOC (489)
	P:0.876953125 (449/512)
	R:0.918200408997955 (449/489)
	F1:0.897102897102897
ORG (502)
	P:0.8870588235294118 (377/425)
	R:0.750996015936255 (377/502)
	F1:0.813376483279396
O (11885)
	P:0.9945437757072106 (11848/11913)
	R:0.9968868321413547 (11848/11885)
	F1:0.9957139255399614

Queries: 
Q/tok: 0.45378962215128793 (6113.0/13471)
PER (595)
	Q/tok: 1.9075630252100841 (1135.0/595.0)
LOC (489)
	Q/tok: 2.312883435582822 (1131.0/489.0)
ORG (502)
	Q/tok: 3.0278884462151394 (1520.0/502.0)
O (11885)
	Q/tok: 0.195793016407236 (2327.0/11885.0)

Delays: 
ms/tok: 26.73157152401455 (360101.0/13471)