Finished 657 games

Utility: 0.03 / query

System results:

Accuracy: 0.9819612500927919

PER (595)
	P:0.9146919431279621 (579/633)
	R:0.973109243697479 (579/595)
	F1:0.9429967426710099
LOC (489)
	P:0.8701550387596899 (449/516)
	R:0.918200408997955 (449/489)
	F1:0.8935323383084577
ORG (502)
	P:0.8746928746928747 (356/407)
	R:0.7091633466135459 (356/502)
	F1:0.7832783278327832
O (11885)
	P:0.9940411246328158 (11844/11915)
	R:0.9965502734539335 (11844/11885)
	F1:0.9952941176470589

Queries: 
Q/tok: 0.34526018855318835 (4651.0/13471)
PER (595)
	Q/tok: 1.388235294117647 (826.0/595.0)
LOC (489)
	Q/tok: 1.7137014314928425 (838.0/489.0)
ORG (502)
	Q/tok: 2.5318725099601593 (1271.0/502.0)
O (11885)
	Q/tok: 0.14438367690366008 (1716.0/11885.0)

Delays: 
ms/tok: 62.13280380075718 (836991.0/13471)