Finished 657 games

System results:

Accuracy: 0.9204958800386014

PER (595)
	P:0.4343612334801762 (493/1135)
	R:0.8285714285714286 (493/595)
	F1:0.5699421965317919
LOC (489)
	P:0.7510373443983402 (362/482)
	R:0.7402862985685071 (362/489)
	F1:0.7456230690010299
ORG (502)
	P:0.583756345177665 (230/394)
	R:0.4581673306772908 (230/502)
	F1:0.5133928571428572
O (11885)
	P:0.9873472949389179 (11315/11460)
	R:0.9520403870424905 (11315/11885)
	F1:0.9693724566288284

Queries: 
Q/tok: 0.0 (0.0/13471)
PER (595)
	Q/tok: 0.0 (0.0/595.0)
LOC (489)
	Q/tok: 0.0 (0.0/489.0)
ORG (502)
	Q/tok: 0.0 (0.0/502.0)
O (11885)
	Q/tok: 0.0 (0.0/11885.0)

Delays: 
ms/tok: 7.423353871279044E-4 (10.0/13471)